gethubhandle: Dexter
latitude:7.946527
lonitude:-1.023194
